lastAccountName: RqjQAQ
timestamps:
  login: 1588669395982
  logout: 1588669393708
  lastteleport: 1588669500525
ipAddress: 192.168.0.101
lastlocation:
  world: IC
  x: 925.1374999880791
  y: 74.0
  z: 790.2261060253608
  yaw: -190.20023
  pitch: 24.449945
logoutlocation:
  world: IC
  x: 27.31777234458308
  y: 76.5
  z: -172.24301569610105
  yaw: -93.2778
  pitch: 21.27126
afk: false
money: '999919'
