lastAccountName: qingyeah0115
timestamps:
  login: 1588672632019
  logout: 1588672630713
ipAddress: 192.168.0.101
logoutlocation:
  world: IC
  x: 162.47947882243423
  y: -66.90983136102312
  z: -173.76554024730763
  yaw: -90.15
  pitch: -4.3500004
lastlocation:
  world: IC
  x: 27.538092108714345
  y: 77.5
  z: -184.9599113300405
  yaw: 3.420166
  pitch: 28.06807
