lastAccountName: JZGSKJMW
timestamps:
  login: 1588590149029
  lastteleport: 1588403661702
  logout: 1588591330590
ipAddress: 192.168.0.101
lastlocation:
  world: IC
  x: 901.7305878107184
  y: 64.56018471144374
  z: 789.6355882840451
  yaw: -155.69994
  pitch: -85.20001
logoutlocation:
  world: IC
  x: 28.895966904313266
  y: 84.79841474584714
  z: -182.8624951865387
  yaw: -307.3495
  pitch: 30.30001
