world: !!binary |-
  w4LCp2/DgsKnN8Olwo/CpMOCwqc2w6XCosKow4LCp2XDpMK9wpnDgsKnYcOpwqPCjg==
x: 311.6230045717571
y: 79.0330751902638
z: 69.88614185468901
yaw: 246.75075
pitch: 3.7499766
